[gd_scene load_steps=13 format=3 uid="uid://repnqsnpqatg"]

[ext_resource type="PackedScene" uid="uid://bi526m4rgyylo" path="res://sample/building_a.tscn" id="1_m0rpm"]
[ext_resource type="PackedScene" uid="uid://bs7orqq2mvo0n" path="res://sample/building_b.tscn" id="2_c6xj6"]
[ext_resource type="PackedScene" uid="uid://b2u5e78en3vxj" path="res://sample/building_c.tscn" id="3_6bw2v"]
[ext_resource type="PackedScene" uid="uid://bl5wvbh8ofgd2" path="res://sample/assets/kenny_retro-medival-kit/tower-top.glb" id="4_c6xj6"]
[ext_resource type="Texture2D" uid="uid://14lix33xubj1" path="res://sample/textures/rocky_terrain/rocky_terrain_02_diff_1k.jpg" id="5_6bw2v"]
[ext_resource type="PackedScene" uid="uid://c14fvskvwnirm" path="res://sample/building_d.tscn" id="6_kem5a"]
[ext_resource type="PackedScene" uid="uid://b1j3bv70o8u0f" path="res://sample/assets/kenny_retro-medival-kit/barrels.glb" id="7_gxmxl"]
[ext_resource type="PackedScene" uid="uid://80gjxvicjoio" path="res://sample/assets/kenny_retro-medival-kit/detail-crate.glb" id="8_884kg"]
[ext_resource type="PackedScene" uid="uid://bbcojnjnk0214" path="res://sample/assets/kenny_retro-medival-kit/overhang-round-railing.glb" id="9_d4o4o"]
[ext_resource type="PackedScene" uid="uid://b6c0q5frrklx6" path="res://barrels_2.tscn" id="10_d4o4o"]
[ext_resource type="PackedScene" uid="uid://c2hol86kdgqxl" path="res://sample/assets/kenny_retro-medival-kit/tree-large.glb" id="10_svejp"]

[sub_resource type="StandardMaterial3D" id="StandardMaterial3D_kem5a"]
albedo_texture = ExtResource("5_6bw2v")
uv1_scale = Vector3(10, 10, 10)

[node name="Node3D" type="Node3D"]

[node name="CSGCombiner3D" type="CSGCombiner3D" parent="."]
use_collision = true

[node name="CSGBox3D" type="CSGBox3D" parent="CSGCombiner3D"]
transform = Transform3D(1, 0, 0, 0, 1, 0, 0, 0, 1, 1.0030367, -0.08929825, 0.008166313)
use_collision = true
size = Vector3(50, 0.1, 50)
material = SubResource("StandardMaterial3D_kem5a")

[node name="CSGCylinder3D" type="CSGCylinder3D" parent="CSGCombiner3D"]
transform = Transform3D(1, 0, 0, 0, 1, 0, 0, 0, 1, 0, 0, -3)
operation = 2

[node name="building_a" parent="." instance=ExtResource("1_m0rpm")]
transform = Transform3D(-1, 0, -1.509958e-07, 0, 1, 0, 1.509958e-07, 0, -1, 3, 9.536743e-07, -3)

[node name="building_a_2" parent="." instance=ExtResource("1_m0rpm")]
transform = Transform3D(-4.0133926e-07, 0, 1, 0, 1, 0, -1, 0, -4.0133926e-07, 2, -4.7683716e-07, 0)

[node name="building_b" parent="." instance=ExtResource("2_c6xj6")]
transform = Transform3D(-4.371139e-08, 0, 1, 0, 1, 0, -1, 0, -4.371139e-08, 3, -4.7683716e-07, -3)

[node name="building_c" parent="." instance=ExtResource("3_6bw2v")]
transform = Transform3D(7.549784e-08, 0, -0.9999991, 0, 1, 0, 0.9999991, 0, 7.549784e-08, 3, 1.4305115e-06, 1)

[node name="tower-top" parent="." instance=ExtResource("4_c6xj6")]
transform = Transform3D(-1.915947e-07, 9.809189e-07, 1.1760001, 6.206211e-08, 1.1760001, -9.809189e-07, -1.1760001, 6.206194e-08, -1.9159475e-07, 0, 0, -3)

[node name="building_d" parent="." instance=ExtResource("6_kem5a")]
transform = Transform3D(-1, 0, -3.8941437e-07, 0, 1, 0, 3.8941437e-07, 0, -1, -4, -0.039298296, -2)

[node name="barrels" parent="." instance=ExtResource("7_gxmxl")]
transform = Transform3D(1, 6.500875e-06, 5.960465e-07, -6.500875e-06, 1, 7.2849473e-09, -5.9604645e-07, -7.288822e-09, 1, -1.5, -0.039298326, -3.5)

[node name="detail-crate" parent="." instance=ExtResource("8_884kg")]
transform = Transform3D(-0.48748744, 8.959133e-08, 0.87313, -8.742389e-08, 1, -1.5142004e-07, -0.87313, -1.501478e-07, -0.48748744, -0.75509834, -0.039298236, -7.030453)

[node name="detail-crate_2" parent="." instance=ExtResource("8_884kg")]
transform = Transform3D(-0.51240265, 0, -0.85874504, 0, 1, 0, 0.85874504, 0, -0.51240265, -1.2449012, -0.039297998, -8.969546)

[node name="detail-crate_3" parent="." instance=ExtResource("8_884kg")]
transform = Transform3D(-0.9695498, -1.5014781e-07, -0.24489431, -1.2363537e-07, 1, -1.2363358e-07, 0.24489431, -8.959131e-08, -0.9695498, -0.030454695, -0.039297998, -8.244902)

[node name="detail-crate_4" parent="." instance=ExtResource("8_884kg")]
transform = Transform3D(0.7172076, 1.5014783e-07, 0.69685954, -4.5254616e-08, 1, -1.6888751e-07, -0.69685954, 8.95913e-08, 0.7172076, -1.9695458, -0.039297998, -7.7550983)

[node name="overhang-round-railing" parent="." instance=ExtResource("9_d4o4o")]
transform = Transform3D(1, 0, 0, 0, 1, -1.5646219e-07, 0, 1.5646219e-07, 1, 1, -0.039298058, -5)

[node name="tree-large" type="Node3D" parent="." instance=ExtResource("10_svejp")]
transform = Transform3D(-0.94989103, 0, 0.31258118, 0, 1, 0, -0.31258118, 0, -0.94989103, -0.5, -0.039298058, -1.5)

[node name="tree-large_2" type="Node3D" parent="." instance=ExtResource("10_svejp")]
transform = Transform3D(0.20779155, 0, 0.97817314, 0, 1, 0, -0.97817314, 0, 0.20779155, -1.5, -0.03929186, -4.5)

[node name="tree-large_3" type="Node3D" parent="." instance=ExtResource("10_svejp")]
transform = Transform3D(0.5514238, 0, 0.8342253, 0, 1, 0, -0.8342253, 0, 0.5514238, -3.5, -0.039298773, -6.5)

[node name="barrels_2" type="Node3D" parent="." instance=ExtResource("10_d4o4o")]
transform = Transform3D(1, 0, 0, 0, 1, 0, 0, 0, 1, -3, -0.039298296, -10)
